6400.0  2000.0  456.34598  
6400.0  2001.0  456.45935  
6400.0  2002.0  456.58472  
6400.0  2003.0  456.7366  
6400.0  2004.0  456.9114  
6400.0  2005.0  457.1157  
6400.0  2006.0  457.34302  
6400.0  2007.0  457.58942  
6400.0  2008.0  457.84677  
6400.0  2009.0  458.11475  
6400.0  2010.0  458.38925  
6400.0  2011.0  458.67282  
6400.0  2012.0  458.95352  
6400.0  2013.0  459.23642  
6400.0  2014.0  459.5138  
6400.0  2015.0  459.80225  
6400.0  2016.0  460.093  
6400.0  2017.0  460.39355  
6400.0  2018.0  460.68967  
6400.0  2019.0  460.9784  
6400.0  2020.0  461.25555  
6400.0  2021.0  461.51505  
6400.0  2022.0  461.7572  
6400.0  2023.0  461.9778  
6400.0  2024.0  462.17996  
6400.0  2025.0  462.36423  
6400.0  2026.0  462.53098  
6400.0  2027.0  462.69226  
6400.0  2028.0  462.85718  
6400.0  2029.0  463.04013  
